1) 
41.33
40
39.75
39.5
39.33
39.2
39
38.25
37.75
36.75

0793503REM  
0508003URU
0064504WIL
0809004PRA
0573803WLO
0834905WES
0885004BIA
0220204REM
0946804PRA
0686604REM


2)
WIL 55476
ZOL 62312
MOK 55889
BIE 56368
BIA 61614
OCH 59273
REM 58971
PRA 57241
URY 50116
WES 60372
TAR 60234
WOL 60523
WLO 66372
URU 59597
SRO 58124
BEM 54080
WAW 57674

3)
WIL 8284
ZOL 9417
MOK 8452
BIE 8475
BIA 9274
OCH 8861
REM 8873
PRA 8575
URY 7519
WES 9050
TAR 9120
WOL 9117
WLO 9966
URU 8960
SRO 8776
BEM 8108
WAW 8699

4)
	styczeń	luty	marzec	kwiecień	maj	czerwiec	lipiec	sierpień	wrzesień	październik	listopad	grudzień
	1	2	3	4	5	6	7	8	9	10	11	12
2019	53545	53274	53195	85745	85627	117552	149526	117497	85623	85530	53516	53606
2020	54081	53807	53727	86603	86484	118728	151022	118672	86480	86386	54052	54143
2021	54622	54346	54265	87470	87349	119916	152533	119859	87345	87250	54593	54685
2022	55169	54890	54808	88345	88223	121116	154059	121058	88219	88123	55139	55232
2023	55721	55439	55357	89229	89106	122328	155600	122269	89102	89005	55691	55785
2024	56279	55994	55911	90122	89998	123552	157156	123492	89994	89896	56248	56343
2025	56842	56554	56471	91024	90898	124788	158728	124727	90894	90795	56811	56907
2026	57411	57120	57036	91935	91807	126036	160316	125975	91803	91703	57380	57477
2027	57986	57692	57607	92855	92726	127297	161920	127235	92722	92621	57954	58052
2028	58566	58269	58184	93784	93654	128570	163540	128508	93650	93548	58534	58633
2029	59152	58852	58766	94722	94591	129856	165176	129794	94587	94484	59120	59220
2030	59744	59441	59354	95670	95537	131155	166828	131092	95533	95429	59712	59813


Pierwsze przekroczenie: lipiec 2026

5) lipiec 2035
