1) Rewersów: 13
Najwięcej czarnych pixeli: 381

2)
60
11111111111111111111
00000000000000000000
11111111111111111111
00000000000000000000
11111111111111111111
00000000000000000000
11111111111111111111
00000000000000000000
11111111111111111111
00000000000000000000
11111111111111111111
00000000000000000000
11111111111111111111
00000000000000000000
11111111111111111111
00000000000000000000
11111111111111111111
00000000000000000000
11111111111111111111
00000000000000000000

3)
Poprawnych: 171
Naprawialnych: 14
Niepoprawnych: 15

Najwięcej błędów: 7

4)
14 - 1 15
19 - 4 20
26 - 21 13
29 - 2 8
33 - 15 21
115 - 21 14
116 - 21 13
129 - 21 14
131 - 10 7
143 - 7 15
154 - 7 7
161 - 21 17
162 - 21 16
187 - 21 18