1110
10001011
11111101
110010111
1100010111
100010111
11111111
101011101
101111011
1000101100
10111000
100001011
101111110
1110000100
10100111
1111001110
111010111
1000010011
1000101101
1111101000
101000110
1010100110
1001000110
1000001000
11111000
1101001001
1001100001
10011100
1100010001
1101110
10100000
101110011
1010101011
111111100
1100100001
111010011
10111110
1001001
1000101011
1001011000
101010
1101101011
1001010011
11100011
10111010
1000011010
10010
110001100
1111001111
1000110001
110100101
11111010
1100111001
10100011
1000110100
101010101
1011001100
1011011001
1100110010
10011010
1100110100
1111011111
11011011
1000000101
10110001
1101111111
1001111110
1001100010
110010011
1101000110
1110010010
100100000
11101101
1100100
110110100
1101100110
1110111100
110010
101000100
1001100000
100011100
1000010100
1000100011
1111000011
1100001101
11011010
1010110111
1101010001
1111111
110001001
1101001110
1100011101
1100010010
11010111
101110111
101111111
1110001
111110001
1001110
1001101010
